07099
65225
07071
07072
07073
07074
07091
07090
07088
07087
07094
07093
07092
07096
07086
07095
07097
07098
07085
07089
65539
07077
07078
17733
17734
65540
17714
17715
17717
17716
17718
17719
17720
17721
17724
17722
17723
12328
07082
07083
07081
07079
07084
07080
12338
17732
12321
12323
12322
12324
12327
12326
05750
05749
65167
05735
05736
05737
05739
05740
05741
05742
05743
09869
12337
65328
09853
09854
24955
24956
24960
24961
24962
65824
05748
24973
24948
24950
24951
24952
24954
11330
09865
11312
09866
09867
11313
09858
09857
09859
09860
09861
09862
09863
24972
63242
11327
11328
11329
66778
66779
66780
63233
63234
63236
63237
11317
08929
11318
11319
11320
11321
11322
08923
08922
11323
11324
65298
65299
11325
65300
08924
65415
08925
13647
13648
11326
13637
13639
13640
13641
13646
13642
13638
14903
65445
63241
14889
14891
65717
14894
14893
21890
21891
21875
21876
21878
21883
27221
08928
65890
27210
27211
27212
27214
27213
27215
27216
65891
65889
27217
13644
13645
38544
38531
66183
38533
38532
14901
38534
57949
57948
57953
21888
66606
66607
21889
57944
57945
57947
62175
27220
66743
62165
62166
66742
62169
62168
62170
64224
38542
66818
66816
64215
64216
64217
64219
64218
64290
64292
64291
64293
66820
57952
64300
64289
02003
01991
01989
01990
01992
65043
62174
64223
06475
06478
06477
65200
06476
06486
65403
13213
13216
13217
65402
64299
13206
13205
13207
13208
13209
02002
21946
21949
65721
21950
21951
28125
28113
28114
28115
28116
06485
33285
33286
33273
33271
33274
21956
34828
34829
34830
34831
34832
34839
36946
36934
36936
28124
66146
66147
36937
39000
38999
33284
39006
38996
38997
34838
40120
36945
40121
66246
40129
40130
56579
56563
56560
57647
39005
57636
57637
57638
57639
57640
57641
62971
40128
66769
62973
62987
62988
62975
62979
56574
56576
56573
63679
56577
63670
63671
56578
66798
66799
63673
63672
05644
56568
56569
56571
05635
05636
05637
65162
65163
57646
65161
05638
06836
06837
06838
06839
65216
06845
07395
62986
07396
65241
65242
07397
07399
07400
07398
65294
08955
63678
05643
08939
08942
08944
17097
17088
17090
17091
65507
65506
20984
20985
06844
20986
20987
65677
07403
20992
22130
22118
22120
22119
22121
65731
08953
25339
25327
25328
65843
25329
25330
17096
26739
26741
26716
26717
26719
65884
20991
22129
26978
26977
26980
31767
25337
31754
25338
65996
31756
31755
32161
26736
32162
66008
32163
66007
32167
32337
32338
32327
32328
32329
66014
66015
34746
32333
34739
34741
66098
66099
66097
31766
34742
51081
51063
51064
51066
51067
51068
55367
55368
55369
66575
32166
55375
32336
56852
66591
56845
56846
66592
56848
34745
63206
63207
51077
63208
63214
64089
64090
64091
64097
55374
00639
56851
00630
65009
00632
00631
00634
00633
03004
03008
03005
65085
65086
65084
63213
06336
06337
65187
06343
09966
64096
09967
09970
65332
09962
09961
00636
09963
00638
11771
11773
11772
03007
11780
13337
13330
13331
65408
65409
06342
13333
13334
13700
13701
09969
13702
13703
13710
14626
14627
65434
11779
14633
13335
13336
14677
14678
14679
65439
65440
14685
14680
14681
17018
17019
17020
13709
65504
65503
17026
18326
18328
18329
65601
18335
14632
19262
19263
19264
65635
19269
65761
14684
22956
22959
22960
17025
17024
22967
18334
24660
24643
24645
24642
66010
24649
24648
19268
32263
24651
32251
32252
32253
32254
32255
32260
32257
32261
35514
35515
35516
35517
66112
35518
35523
22966
42835
42836
66296
42843
24659
42977
66297
42963
42964
42966
42967
42969
43172
43173
43174
43179
43180
32259
49601
49602
35522
49606
50042
42842
50043
66441
50044
50045
50052
50046
42976
51228
51229
66469
51230
51235
51236
51231
51232
51233
58502
58503
66644
43177
43178
58508
58500
58501
49604
62249
62251
62250
49605
62259
63806
50051
66804
63794
63799
63795
51234
01390
58505
58506
65029
01391
58507
01398
05236
05237
65144
65145
05238
05243
62258
05239
65192
06365
06371
63805
06362
06361
06363
07966
07964
65263
07973
08427
01396
01397
08428
08431
65278
08429
08437
10166
65341
65342
10156
10157
10158
10159
10896
10898
65362
06370
65363
10904
07972
13159
13160
13161
13167
13168
08436
15036
15037
15038
65450
65449
10162
10164
15043
65792
23782
23772
23773
23774
23775
23776
10903
13166
28206
28207
28208
28210
28214
28211
15042
30849
30837
30838
30840
66038
23780
32951
32954
32953
32959
32955
66111
35457
35458
35467
37885
37886
28213
30847
37894
30848
40838
40839
40840
40841
40847
41031
41032
32957
41037
35464
35465
35466
45267
45266
66351
45273
37893
45438
66355
45443
40846
45437
48124
48126
48111
48112
41036
48114
48115
49179
49180
49181
49182
49183
49188
45272
53272
53273
53274
53275
66531
66532
53279
57279
57281
57280
57282
57283
57284
57285
45442
57286
57287
57291
58364
58365
58366
66637
66638
66639
48122
48123
66640
58370
48107
49176
49187
53278
57290
58369
